CUSTOMER
CUST NO.  XCOORD.   YCOORD.    DEMAND   READY TIME  DUE DATE   SERVICE   TIME
 
    0      40         50          0          0       1236          0   
   41      35         32         10        166        235         90   
   42      33         32         20         68        149         90   
   43      33         35         10         16         80         90   
   44      32         30         10        359        412         90   
   45      30         30         10        541        600         90   
   46      30         32         30        448        509         90   
   47      30         35         10       1054       1127         90   
   48      28         30         10        632        693         90   
   49      28         35         10       1001       1066         90   
   50      26         32         10        815        880         90   
   51      25         30         10        725        786         90   
   52      25         35         10        912        969         90   
   53      44          5         20        286        347         90   
   54      42         10         40        186        257         90   
   55      42         15         10         95        158         90   
   56      40          5         30        385        436         90   
   57      40         15         40         35         87         90   
   58      38          5         30        471        534         90   
   59      38         15         10        651        740         90   
   60      35          5         20        562        629         90   
   61      50         30         10        531        610         90   
   62      50         35         20        262        317         90   
   63      50         40         50        171        218         90   
   64      48         30         10        632        693         90   
   65      48         40         10         76        129         90   
   66      47         35         10        826        875         90   
   67      47         40         10         12         77         90   
   68      45         30         10        734        777         90   
   69      45         35         10        916        969         90   
   70      95         30         30        387        456         90   
   71      95         35         20        293        360         90   
   72      53         30         10        450        505         90   
   73      92         30         10        478        551         90   
   74      53         35         50        353        412         90   
   75      45         65         20        997       1068         90   
   76      90         35         10        203        260         90   
   77      88         30         10        574        643         90   
   78      88         35         20        109        170         90   
   79      87         30         10        668        731         90   
   80      85         25         10        769        820         90   
